y0    =0.000515761944045207    y1	=0.996607872004585
sin(b)=-4.89858719658941E-16 cos(b)	=1
test passed
npoints=72
