Value: 0.666953909054655 Error 0.654420581205935

Value: 1.99996150007805 Error 0.99964619711904

Value: 3.14183457802727 Error 0.999999960993812

Value: -3.99991705899915 Error -0.999999999996501

