sqrt(2) = 1.4142135623731
e^pi = 23.1406926327793
pi^e = 22.459157718361
Gamma(1) = 0.999999989064903
Gamma(2) = 0.999999989064903
Gamma(3) = 1.99999997812981
Gamma(10) = 362879.997652016
Lngamma(10) = 12.8018274736111
